input_256 = [0.000000000000,   24.580134541265,   17.119017293313,    3.119017293313,
      10.580134541265,   14.000000000000,  -10.580134541265,  -31.119017293313,
     -17.119017293313,    3.419865458735,   -0.000000000000,   -3.419865458735,
      17.119017293313,   31.119017293313,   10.580134541264,  -14.000000000000,
     -10.580134541264,   -3.119017293313,  -17.119017293313,  -24.580134541264,
       0.000000000000,   24.580134541265,   17.119017293313,    3.119017293313,
      10.580134541265,   14.000000000000,  -10.580134541265,  -31.119017293313,
     -17.119017293313,    3.419865458736,   -0.000000000000,   -3.419865458735,
      17.119017293313,   31.119017293313,   10.580134541264,  -14.000000000000,
     -10.580134541264,   -3.119017293313,  -17.119017293313,  -24.580134541264,
       0.000000000000,   24.580134541265,   17.119017293313,    3.119017293313,
      10.580134541265,   14.000000000000,  -10.580134541265,  -31.119017293313,
     -17.119017293313,    3.419865458736,   -0.000000000000,   -3.419865458735,
      17.119017293313,   31.119017293313,   10.580134541264,  -14.000000000000,
     -10.580134541264,   -3.119017293313,  -17.119017293313,  -24.580134541264,
       0.000000000000,   24.580134541265,   17.119017293313,    3.119017293313,
      10.580134541265,   14.000000000000,  -10.580134541265,  -31.119017293313,
     -17.119017293313,    3.419865458736,   -0.000000000000,   -3.419865458735,
      17.119017293313,   31.119017293313,   10.580134541264,  -14.000000000000,
     -10.580134541264,   -3.119017293313,  -17.119017293313,  -24.580134541264,
       0.000000000000,   24.580134541265,   17.119017293313,    3.119017293313,
      10.580134541265,   14.000000000000,  -10.580134541265,  -31.119017293313,
     -17.119017293312,    3.419865458736,   -0.000000000000,   -3.419865458735,
      17.119017293313,   31.119017293313,   10.580134541264,  -14.000000000000,
     -10.580134541264,   -3.119017293313,  -17.119017293313,  -24.580134541264,
       0.000000000000,   24.580134541265,   17.119017293312,    3.119017293313,
      10.580134541265,   14.000000000000,  -10.580134541265,  -31.119017293313,
     -17.119017293312,    3.419865458736,   -0.000000000000,   -3.419865458735,
      17.119017293313,   31.119017293313,   10.580134541264,  -14.000000000000,
     -10.580134541264,   -3.119017293313,  -17.119017293313,  -24.580134541264,
       0.000000000001,   24.580134541265,   17.119017293312,    3.119017293313,
      10.580134541265,   14.000000000000,  -10.580134541265,  -31.119017293313,
     -17.119017293312,    3.419865458736,   -0.000000000000,   -3.419865458735,
      17.119017293313,   31.119017293313,   10.580134541264,  -14.000000000000,
     -10.580134541264,   -3.119017293313,  -17.119017293313,  -24.580134541264,
       0.000000000001,   24.580134541265,   17.119017293312,    3.119017293313,
      10.580134541265,   14.000000000000,  -10.580134541265,  -31.119017293313,
     -17.119017293312,    3.419865458736,   -0.000000000000,   -3.419865458735,
      17.119017293313,   31.119017293313,   10.580134541264,  -14.000000000000,
     -10.580134541264,   -3.119017293313,  -17.119017293313,  -24.580134541264,
       0.000000000001,   24.580134541265,   17.119017293312,    3.119017293313,
      10.580134541265,   14.000000000000,  -10.580134541265,  -31.119017293313,
     -17.119017293312,    3.419865458736,   -0.000000000000,   -3.419865458735,
      17.119017293313,   31.119017293313,   10.580134541264,  -14.000000000000,
     -10.580134541264,   -3.119017293313,  -17.119017293313,  -24.580134541264,
       0.000000000001,   24.580134541265,   17.119017293312,    3.119017293313,
      10.580134541265,   14.000000000000,  -10.580134541265,  -31.119017293313,
     -17.119017293312,    3.419865458736,   -0.000000000000,   -3.419865458735,
      17.119017293313,   31.119017293313,   10.580134541264,  -14.000000000000,
     -10.580134541264,   -3.119017293313,  -17.119017293313,  -24.580134541264,
       0.000000000001,   24.580134541265,   17.119017293312,    3.119017293313,
      10.580134541265,   14.000000000000,  -10.580134541265,  -31.119017293313,
     -17.119017293312,    3.419865458736,   -0.000000000000,   -3.419865458735,
      17.119017293314,   31.119017293313,   10.580134541264,  -14.000000000000,
     -10.580134541264,   -3.119017293313,  -17.119017293313,  -24.580134541264,
       0.000000000001,   24.580134541265,   17.119017293312,    3.119017293313,
      10.580134541265,   14.000000000000,  -10.580134541266,  -31.119017293313,
     -17.119017293312,    3.419865458736,   -0.000000000000,   -3.419865458735,
      17.119017293314,   31.119017293313,   10.580134541263,  -14.000000000000,
     -10.580134541264,   -3.119017293313,  -17.119017293313,  -24.580134541264,
       0.000000000001,   24.580134541265,   17.119017293312,    3.119017293313,
      10.580134541265,   14.000000000000,  -10.580134541266,  -31.119017293313,
     -17.119017293312,    3.419865458736,   -0.000000000000,   -3.419865458735,
      17.119017293314,   31.119017293313,   10.580134541263,  -14.000000000000,];

